[
  59785679215,
  42015868192,
  16450999144,
  23767637927,
  48854769346,
  21024391169,
  37321228340,
  25776499873,
  52991381552,
  78036450166,
  85463305340,
  20324200585,
  34763971055,
  83937021485,
  32402415689,
  48644190397,
  27970033803,
  95464420405,
  73094334774,
  44494784861,
  67241000382,
  85616694851,
  92573288035,
  42243159668,
  92532252054,
  57567311930,
  15708969487,
  41326642320,
  20392384787,
  79173028394,
  14578122080,
  77717830647,
  66283396738,
  94011680317,
  41086735981,
  51113658757,
  75264970411,
  53168836314,
  37283461181,
  61287005359,
  92531127468,
  10495895819,
  27478318658,
  60646766031,
  24978683509,
  74441180372,
  12058013934,
  47964336176,
  81801044684,
  60112914767,
  35372286317,
  77934305229,
  21732626236,
  31616647238,
  18460295018,
  88008278284,
  89437162652,
  94090457055,
  75610215175,
  41986624299,
  61951018008,
  83661741085,
  90173069187,
  78333447850,
  92530504798,
  56858030269,
  72553799216,
  74256819433,
  79849529477,
  55708900355
]